0 0.00859375 0.2640625 0.015625 0.09765625
0 0.18125 0.0515625 0.15 0.10078125
0 0.0828125 0.18984375 0.078125 0.1140625
0 0.415625 0.01953125 0.134375 0.0375
0 0.24296875 0.159375 0.0578125 0.0515625
0 0.27265625 0.5328125 0.0578125 0.05078125
0 0.9703125 0.0734375 0.0546875 0.1109375
0 0.7171875 0.1359375 0.06953125 0.0703125
0 0.396875 0.31953125 0.07109375 0.0625
0 0.41328125 0.41875 0.065625 0.046875
0 0.603125 0.43046875 0.15234375 0.15703125
0 0.42265625 0.4765625 0.0828125 0.07421875
0 0.41640625 0.58125 0.03046875 0.053125
0 0.62890625 0.77421875 0.146875 0.146875
0 0.78515625 0.721875 0.1875 0.178125
0 0.94296875 0.83046875 0.11015625 0.14140625
0 0.5734375 0.184375 0.06640625 0.05546875