0 0.034375 0.14296875 0.0671875 0.06171875
0 0.015625 0.28984375 0.0296875 0.0890625
0 0.478125 0.028125 0.1234375 0.05390625
0 0.51875 0.134375 0.1453125 0.14453125
0 0.63125 0.09453125 0.1375 0.11640625
0 0.94375 0.31640625 0.1125 0.125
0 0.6609375 0.42109375 0.1234375 0.14765625
0 0.72109375 0.3734375 0.04375 0.025
0 0.78359375 0.359375 0.04375 0.040625
0 0.49609375 0.596875 0.1234375 0.1203125
0 0.63828125 0.61640625 0.14921875 0.121875
0 0.9234375 0.75234375 0.0890625 0.1046875
0 0.515625 0.784375 0.0703125 0.07421875
0 0.490625 0.83515625 0.10625 0.0734375
0 0.334375 0.1625 0.0421875 0.034375
0 0.58203125 0.221875 0.0546875 0.03125
0 0.14140625 0.80390625 0.0328125 0.0828125