0 0.1265625 0.190625 0.178125 0.1953125
0 0.5421875 0.03671875 0.13671875 0.07109375
0 0.46875 0.08203125 0.10546875 0.09375
0 0.41875 0.190625 0.071875 0.109375
0 0.50859375 0.2609375 0.07734375 0.06328125
0 0.434375 0.37578125 0.071875 0.06328125
0 0.1921875 0.7265625 0.1625 0.1640625
0 0.20390625 0.8140625 0.078125 0.0609375
0 0.97734375 0.00703125 0.0453125 0.01171875
0 0.78046875 0.13125 0.159375 0.146875
0 0.9234375 0.06171875 0.15234375 0.1
0 0.93671875 0.18046875 0.12578125 0.17578125
0 0.9703125 0.321875 0.05859375 0.09765625
0 0.9390625 0.4953125 0.121875 0.14375
0 0.6671875 0.734375 0.19609375 0.1546875
0 0.834375 0.94296875 0.19140625 0.1140625