0 0.03046875 0.184375 0.059375 0.165625
0 0.11640625 0.10234375 0.1375 0.1390625
0 0.3390625 0.02734375 0.128125 0.053125
0 0.21484375 0.41328125 0.0703125 0.0890625
0 0.14609375 0.378125 0.06328125 0.03984375
0 0.0328125 0.6421875 0.0640625 0.14921875
0 0.1765625 0.72734375 0.1515625 0.15546875
0 0.3234375 0.76875 0.12578125 0.1265625
0 0.02421875 0.9234375 0.046875 0.1453125
0 0.11328125 0.853125 0.15625 0.1
0 0.6953125 0.6109375 0.11875 0.11796875
0 0.35078125 0.6296875 0.0625 0.06328125
0 0.43203125 0.75703125 0.03828125 0.05078125
0 0.49375 0.71328125 0.05 0.03828125
0 0.715625 0.69765625 0.07421875 0.06171875
0 0.15625 0.9421875 0.1890625 0.115625
0 0.8703125 0.02265625 0.12890625 0.04375
0 0.728125 0.42421875 0.13984375 0.1296875
0 0.75234375 0.9921875 0.0828125 0.015625
0 0.9140625 0.9296875 0.165625 0.140625