4 0.56484375 0.203125 0.26171875 0.14375
4 0.83359375 0.23984375 0.22421875 0.178125
4 0.13203125 0.4671875 0.2640625 0.14609375
4 0.1078125 0.62578125 0.21484375 0.1671875
4 0.284375 0.89609375 0.353125 0.18671875
4 0.6015625 0.67265625 0.25078125 0.15703125
4 0.86875 0.69140625 0.24453125 0.1875
4 0.36953125 0.3125 0.278125 0.12578125
4 0.5203125 0.065625 0.2984375 0.13125
4 0.8421875 0.07109375 0.3109375 0.14140625
4 0.675 0.36328125 0.275 0.159375
4 0.8625 0.50859375 0.2734375 0.16875
4 0.3171875 0.7078125 0.30390625 0.18046875
4 0.10234375 0.12421875 0.20390625 0.15703125
4 0.06796875 0.80078125 0.1296875 0.17734375
4 0.61640625 0.86484375 0.29765625 0.2296875