4 0.42734375 0.20859375 0.08125 0.12578125
4 0.6140625 0.32265625 0.06640625 0.09453125
4 0.30234375 0.18671875 0.0703125 0.09375
4 0.8140625 0.24453125 0.0671875 0.103125
4 0.46171875 0.5921875 0.0859375 0.1234375
4 0.8 0.7359375 0.0953125 0.15078125
4 0.3890625 0.75859375 0.08515625 0.11875
4 0.16953125 0.365625 0.0765625 0.1015625
4 0.78046875 0.371875 0.0984375 0.10703125
4 0.8078125 0.47421875 0.08671875 0.09375
4 0.546875 0.6546875 0.06171875 0.10078125
4 0.61796875 0.55625 0.06640625 0.08515625
4 0.503125 0.79453125 0.0625 0.09765625
4 0.57109375 0.81015625 0.0671875 0.10234375
4 0.6171875 0.6515625 0.0640625 0.090625
4 0.1671875 0.628125 0.06328125 0.0703125
4 0.56484375 0.20859375 0.0875 0.1109375