4 0.11796875 0.5609375 0.17578125 0.27109375
4 0.303125 0.42578125 0.2015625 0.29296875
4 0.48984375 0.50078125 0.1796875 0.259375
4 0.37578125 0.71015625 0.15 0.2
4 0.5296875 0.73515625 0.159375 0.18203125
4 0.703125 0.575 0.159375 0.1921875
4 0.8578125 0.278125 0.18671875 0.25078125
4 0.9421875 0.67421875 0.115625 0.2453125
4 0.76484375 0.80390625 0.178125 0.23359375
4 0.50078125 0.90703125 0.14140625 0.17265625
4 0.36640625 0.06953125 0.17890625 0.13828125
4 0.684375 0.9375 0.1921875 0.125
4 0.609375 0.36953125 0.1234375 0.19609375
4 0.4234375 0.2609375 0.1671875 0.19375
4 0.13359375 0.2078125 0.15625 0.25390625