4 0.2796875 0.846875 0.2546875 0.1328125
4 0.475 0.82421875 0.14765625 0.17109375
4 0.81328125 0.39375 0.2171875 0.1421875
4 0.4390625 0.36328125 0.19453125 0.134375
4 0.52265625 0.515625 0.17421875 0.17109375
4 0.48515625 0.16015625 0.1765625 0.13515625
4 0.103125 0.54453125 0.20390625 0.1203125
4 0.140625 0.6625 0.1609375 0.10234375
4 0.32734375 0.06484375 0.1484375 0.1296875
4 0.521875 0.04296875 0.22890625 0.08515625
4 0.84765625 0.11015625 0.16015625 0.0796875
4 0.703125 0.1984375 0.23359375 0.15078125