4 0.13984375 0.15 0.12265625 0.16328125
4 0.2546875 0.4953125 0.13828125 0.17578125
4 0.63984375 0.63125 0.17890625 0.25625
4 0.72265625 0.2203125 0.1265625 0.17265625
4 0.79453125 0.071875 0.13125 0.14375
4 0.10234375 0.5890625 0.15078125 0.1796875
4 0.115625 0.82734375 0.134375 0.20625
4 0.19140625 0.31328125 0.08828125 0.17734375
4 0.26953125 0.07109375 0.10859375 0.13515625
4 0.48515625 0.6 0.1328125 0.2765625
4 0.13359375 0.45546875 0.09375 0.10390625
4 0.0390625 0.71015625 0.06953125 0.1328125