4 0.0921875 0.178125 0.07578125 0.2359375
4 0.22734375 0.2625 0.14609375 0.20078125
4 0.1921875 0.09375 0.140625 0.11953125
4 0.4875 0.08125 0.11484375 0.1171875
4 0.83984375 0.46015625 0.14140625 0.22734375
4 0.1390625 0.65234375 0.1609375 0.228125
4 0.371875 0.61328125 0.13828125 0.19765625
4 0.26015625 0.846875 0.1296875 0.2234375
4 0.57421875 0.18515625 0.1328125 0.1609375
4 0.815625 0.8734375 0.13828125 0.209375
4 0.58828125 0.925 0.1421875 0.15
4 0.46796875 0.7359375 0.1 0.19296875
4 0.65078125 0.365625 0.125 0.20703125
4 0.35390625 0.31796875 0.1046875 0.18671875
4 0.1453125 0.928125 0.121875 0.14375
4 0.71484375 0.86796875 0.06953125 0.1703125
4 0.34140625 0.10859375 0.13515625 0.17109375