4 0.27734375 0.32265625 0.11015625 0.17578125
4 0.18828125 0.1328125 0.115625 0.165625
4 0.55234375 0.51640625 0.11328125 0.16328125
4 0.5671875 0.7375 0.12421875 0.1609375
4 0.6546875 0.42109375 0.0953125 0.16796875
4 0.76640625 0.48671875 0.12265625 0.19140625
4 0.6453125 0.60078125 0.103125 0.15859375
4 0.446875 0.17578125 0.109375 0.15703125
4 0.0609375 0.7234375 0.1046875 0.16875
4 0.28125 0.834375 0.14453125 0.1875
4 0.4671875 0.33203125 0.07890625 0.1234375
4 0.378125 0.30625 0.0875 0.1421875
4 0.73125 0.1625 0.11484375 0.17265625
4 0.73515625 0.7703125 0.09296875 0.13203125
4 0.27890625 0.621875 0.07109375 0.1125
4 0.0546875 0.8796875 0.09609375 0.10625
4 0.928125 0.17734375 0.075 0.13125
4 0.8484375 0.24296875 0.08046875 0.1