0 0.11015625 0.41015625 0.0796875 0.0984375
0 0.54140625 0.33203125 0.0921875 0.1171875
0 0.5640625 0.4796875 0.046875 0.0921875
0 0.37109375 0.62109375 0.096875 0.0953125
0 0.240625 0.68046875 0.0609375 0.103125
0 0.9609375 0.5234375 0.075 0.096875
0 0.71875 0.59296875 0.121875 0.153125
0 0.81171875 0.603125 0.071875 0.103125
0 0.18984375 0.14140625 0.1359375 0.16875
0 0.121875 0.85859375 0.1109375 0.1421875
0 0.94609375 0.7828125 0.1046875 0.15625
0 0.459375 0.97421875 0.084375 0.0484375
0 0.1046875 0.27265625 0.1125 0.134375
0 0.840625 0.1078125 0.1140625 0.1375