0 0.9203125 0.46875 0.090625 0.1265625
0 0.4328125 0.41328125 0.109375 0.1625
0 0.86171875 0.11171875 0.1015625 0.13125
0 0.9078125 0.70390625 0.0703125 0.1046875
0 0.9578125 0.71171875 0.046875 0.134375
0 0.55546875 0.65078125 0.115625 0.1765625
0 0.384375 0.63515625 0.1046875 0.153125
0 0.221875 0.6546875 0.0890625 0.15625
0 0.52109375 0.765625 0.1109375 0.1484375
0 0.39453125 0.803125 0.1140625 0.1765625
0 0.57265625 0.86875 0.1046875 0.1453125
0 0.01875 0.87734375 0.0375 0.1015625
0 0.64765625 0.190625 0.059375 0.08125
0 0.9625 0.25859375 0.071875 0.1515625
0 0.2703125 0.17265625 0.10625 0.1578125
0 0.97734375 0.09609375 0.0421875 0.0578125
0 0.5921875 0.28125 0.0953125 0.1328125