0 0.71484375 0.378125 0.0609375 0.0796875
0 0.984375 0.48359375 0.028125 0.0796875
0 0.79140625 0.53046875 0.0546875 0.0734375
0 0.48203125 0.51796875 0.0546875 0.0765625
0 0.63359375 0.66015625 0.0578125 0.0765625
0 0.56875 0.6609375 0.05625 0.0671875
0 0.48125 0.7515625 0.05625 0.06875
0 0.77890625 0.82734375 0.0671875 0.1
0 0.30703125 0.03125 0.0546875 0.0625
0 0.7734375 0.9890625 0.065625 0.01875
0 0.63046875 0.15390625 0.0453125 0.0796875
0 0.47890625 0.15234375 0.0546875 0.0734375
0 0.571875 0.190625 0.059375 0.071875
0 0.890625 0.3234375 0.0625 0.0890625
0 0.3921875 0.0109375 0.0625 0.021875