0 0.89921875 0.4640625 0.0703125 0.0890625
0 0.4 0.3171875 0.078125 0.0984375
0 0.39296875 0.371875 0.0640625 0.0671875
0 0.82734375 0.5671875 0.05625 0.0640625
0 0.775 0.12578125 0.0640625 0.0875
0 0.6265625 0.06484375 0.0828125 0.10625
0 0.609375 0.55390625 0.0546875 0.0796875
0 0.43125 0.48046875 0.078125 0.0984375
0 0.51484375 0.5640625 0.0515625 0.071875
0 0.81875 0.759375 0.0484375 0.0625
0 0.490625 0.70859375 0.0953125 0.1265625
0 0.96640625 0.240625 0.046875 0.0546875
0 0.13828125 0.78515625 0.0796875 0.0859375
0 0.25 0.8921875 0.0640625 0.08125
0 0.36875 0.95 0.06875 0.0765625
0 0.4515625 0.06015625 0.0671875 0.0875
0 0.553125 0.1578125 0.0765625 0.0953125
0 0.4375 0.1359375 0.05625 0.065625
0 0.6359375 0.228125 0.0703125 0.0890625
0 0.93515625 0.36796875 0.0546875 0.06875