0 0.58125 0.38359375 0.1046875 0.171875
0 0.8 0.4546875 0.1421875 0.1953125
0 0.5078125 0.378125 0.109375 0.134375
0 0.303125 0.33828125 0.0796875 0.1265625
0 0.928125 0.52265625 0.090625 0.153125
0 0.85 0.5515625 0.134375 0.21875
0 0.6953125 0.08515625 0.0921875 0.1109375
0 0.4171875 0.453125 0.103125 0.1546875
0 0.2078125 0.440625 0.0640625 0.109375
0 0.1125 0.4578125 0.13125 0.2015625
0 0.8125 0.7578125 0.121875 0.175
0 0.5375 0.68828125 0.140625 0.196875
0 0.040625 0.59296875 0.08125 0.1578125
0 0.0984375 0.6234375 0.096875 0.11875
0 0.296875 0.6984375 0.115625 0.15625
0 0.77578125 0.84921875 0.084375 0.1
0 0.32265625 0.83203125 0.1109375 0.15
0 0.571875 0.1109375 0.1171875 0.1859375