0 0.4390625 0.1734375 0.1359375 0.1390625
0 0.83046875 0.19296875 0.115625 0.1171875
0 0.825 0.859375 0.071875 0.0734375
0 0.6625 0.7328125 0.1484375 0.1515625
0 0.55625 0.8234375 0.121875 0.1234375
0 0.3875 0.8015625 0.0921875 0.09375
0 0.565625 0.0171875 0.084375 0.034375
0 0.465625 0.9875 0.09375 0.021875
0 0.1234375 0.7296875 0.096875 0.096875
0 0.04140625 0.66171875 0.0828125 0.1046875
0 0.78046875 0.27734375 0.08125 0.0828125
0 0.4828125 0.03828125 0.128125 0.0765625
0 0.8171875 0.325 0.1421875 0.1453125
0 0.5578125 0.11484375 0.1296875 0.1328125