0 0.73671875 0.43515625 0.0921875 0.121875
0 0.525 0.3953125 0.1 0.1296875
0 0.8203125 0.54296875 0.1015625 0.1296875
0 0.57734375 0.44375 0.071875 0.084375
0 0.6203125 0.5046875 0.075 0.09375
0 0.7375 0.57265625 0.09375 0.1125
0 0.77578125 0.6484375 0.0921875 0.1109375
0 0.1390625 0.63203125 0.0921875 0.1140625
0 0.36328125 0.82578125 0.1046875 0.1234375
0 0.1734375 0.75546875 0.1015625 0.1265625
0 0.22890625 0.85625 0.0671875 0.0765625
0 0.8078125 0.19765625 0.0625 0.0828125
0 0.26875 0.91640625 0.06875 0.0640625