0 0.546875 0.31796875 0.05390625 0.1171875
0 0.6140625 0.3265625 0.046875 0.09453125
0 0.67578125 0.35390625 0.03671875 0.0640625
0 0.7765625 0.5078125 0.034375 0.07109375
0 0.1546875 0.27734375 0.08515625 0.18046875
0 0.26015625 0.3015625 0.053125 0.125
0 0.58359375 0.4609375 0.053125 0.0921875
0 0.40546875 0.9515625 0.05546875 0.09609375
1 0.43671875 0.44609375 0.10234375 0.14765625
1 0.41015625 0.7296875 0.071875 0.15234375
1 0.33203125 0.78984375 0.090625 0.18359375
1 0.44375 0.4359375 0.09765625 0.1640625
1 0.6234375 0.2421875 0.0515625 0.10703125
1 0.7625 0.6171875 0.05234375 0.09765625
1 0.803125 0.57734375 0.04375 0.0859375