1 0.0671875 0.35078125 0.128125 0.20390625
1 0.4890625 0.45390625 0.2078125 0.27890625
1 0.17734375 0.45078125 0.128125 0.2
1 0.278125 0.53515625 0.17421875 0.24296875
1 0.4203125 0.6640625 0.15703125 0.2875
1 0.84609375 0.71640625 0.1828125 0.21328125
1 0.73515625 0.86328125 0.16484375 0.26796875
1 0.49921875 0.16015625 0.14453125 0.19453125
0 0.58671875 0.26328125 0.1046875 0.15703125
0 0.63046875 0.58671875 0.0953125 0.14140625
0 0.54296875 0.66328125 0.1265625 0.20234375
0 0.08515625 0.50078125 0.09140625 0.1390625
0 0.146875 0.571875 0.065625 0.09375
0 0.18515625 0.7140625 0.1015625 0.14375
0 0.2921875 0.74609375 0.13828125 0.20859375
0 0.4328125 0.259375 0.10546875 0.1453125
0 0.92734375 0.57578125 0.08046875 0.1265625
0 0.9671875 0.69140625 0.065625 0.1703125
0 0.61484375 0.8328125 0.08671875 0.12890625
0 0.52421875 0.8078125 0.05390625 0.07578125
0 0.5453125 0.9125 0.00546875 0.02109375
0 0.55234375 0.9203125 0.06875 0.0953125
0 0.06875 0.68984375 0.06484375 0.10546875
0 0.31796875 0.953125 0.0703125 0.09296875
0 0.25703125 0.95859375 0.06015625 0.0765625
1 0.2078125 0.8359375 0.14609375 0.19375