1 0.88984375 0.66875 0.128125 0.35859375
1 0.646875 0.8328125 0.10859375 0.2546875
1 0.7765625 0.64296875 0.14296875 0.3296875
1 0.6625 0.6484375 0.1 0.21875
0 0.78359375 0.646875 0.078125 0.17109375
0 0.47421875 0.925 0.08984375 0.15
0 0.31875 0.1 0.10859375 0.18984375
0 0.63515625 0.19140625 0.0859375 0.16015625
0 0.55 0.1203125 0.08359375 0.14375
0 0.8984375 0.33125 0.1265625 0.25078125
0 0.34765625 0.75703125 0.07421875 0.11484375
0 0.20078125 0.87890625 0.09140625 0.15703125
0 0.284375 0.6171875 0.084375 0.18671875
0 0.4671875 0.3 0.1453125 0.21796875
0 0.434375 0.87421875 0.04921875 0.10703125
0 0.3 0.8328125 0.05625 0.10625