1 0.09453125 0.8421875 0.06796875 0.14296875
1 0.5109375 0.71796875 0.04609375 0.08203125
1 0.38359375 0.696875 0.03671875 0.06640625
1 0.33984375 0.8421875 0.053125 0.090625
1 0.2921875 0.825 0.053125 0.11875
1 0.27109375 0.7015625 0.04609375 0.0828125
1 0.3796875 0.68984375 0.040625 0.075
1 0.409375 0.72734375 0.0296875 0.0859375
1 0.3734375 0.7546875 0.03984375 0.08125
1 0.446875 0.6390625 0.04765625 0.0703125
1 0.43125 0.76875 0.0296875 0.08359375
1 0.6984375 0.68046875 0.03359375 0.06171875
1 0.959375 0.790625 0.0328125 0.0640625
1 0.8578125 0.74375 0.0359375 0.04296875
1 0.740625 0.7234375 0.02578125 0.05078125
1 0.696875 0.6796875 0.03046875 0.05703125
1 0.5703125 0.76328125 0.04296875 0.09140625
1 0.6546875 0.790625 0.0375 0.0734375
1 0.70078125 0.81796875 0.03359375 0.06953125
1 0.18515625 0.71015625 0.05546875 0.08671875
1 0.334375 0.5484375 0.05390625 0.0734375
1 0.5171875 0.575 0.04765625 0.08125
1 0.5046875 0.80234375 0.03984375 0.09453125
1 0.61484375 0.75234375 0.040625 0.084375
0 0.640625 0.44921875 0.0328125 0.06171875
0 0.7125 0.73828125 0.028125 0.0421875
0 0.7359375 0.80625 0.02265625 0.0578125
0 0.96015625 0.84609375 0.0265625 0.04296875
0 0.23125 0.69765625 0.0359375 0.06875