1 0.48130841121495327 0.17692307692307693 0.19003115264797507 0.20615384615384616
1 0.28894080996884736 0.20923076923076922 0.16043613707165108 0.16923076923076924
1 0.09345794392523364 0.3515384615384615 0.11214953271028037 0.12153846153846154
1 0.0794392523364486 0.4876923076923077 0.14018691588785046 0.16615384615384615
1 0.03115264797507788 0.4592307692307692 0.06230529595015576 0.17076923076923076
1 0.4945482866043614 0.49 0.10124610591900311 0.09384615384615384
1 0.45482866043613707 0.3269230769230769 0.07165109034267912 0.07538461538461538
1 0.4501557632398754 0.8038461538461539 0.205607476635514 0.24153846153846154
1 0.8613707165109035 0.14153846153846153 0.12149532710280374 0.12923076923076923
1 0.7601246105919003 0.19076923076923077 0.09345794392523364 0.10461538461538461
1 0.6347352024922118 0.2553846153846154 0.18847352024922118 0.19076923076923077
1 0.6020249221183801 0.44153846153846155 0.1853582554517134 0.19692307692307692
1 0.7749221183800623 0.6953846153846154 0.13862928348909656 0.15384615384615385
1 0.6549844236760125 0.7653846153846153 0.13862928348909656 0.15538461538461537
1 0.5615264797507789 0.7769230769230769 0.11059190031152648 0.11076923076923077
0 0.37461059190031154 0.4207692307692308 0.2850467289719626 0.31846153846153846
1 0.8551401869158879 0.2953846153846154 0.1588785046728972 0.18769230769230769