1 0.8575636363636364 0.4340983606557377 0.16970909090909092 0.2762841530054645
1 0.7045454545454546 0.7308743169398907 0.14847272727272726 0.23224043715846995
1 0.4409090909090909 0.8538251366120219 0.07374545454545454 0.16546448087431695
1 0.6424363636363636 0.4287978142076503 0.0808 0.11989071038251367
1 0.3096 0.21628415300546447 0.08989090909090909 0.13814207650273225
1 0.1308 0.4090710382513661 0.0596 0.13207650273224045
1 0.15658181818181818 0.7187431693989071 0.04847272727272727 0.08043715846994536
1 0.37523636363636365 0.7414754098360655 0.0596 0.12295081967213115
0 0.5510181818181819 0.7066120218579235 0.07574545454545453 0.21098360655737705
0 0.6737454545454545 0.8955737704918032 0.09090909090909091 0.1669945355191257
1 0.4898909090909091 0.4447540983606557 0.08887272727272728 0.1092896174863388
1 0.6045454545454545 0.22234972677595627 0.11818181818181818 0.11081967213114755
1 0.08687272727272727 0.6215846994535519 0.04443636363636364 0.12901639344262295