0 0.490625 0.1585 0.16020833333333334 0.217375
0 0.32895833333333335 0.24662499999999998 0.15920833333333334 0.20066666666666666
0 0.15141666666666667 0.33358333333333334 0.17937499999999998 0.21291666666666667
0 0.11354166666666667 0.6829583333333333 0.21520833333333333 0.264125
0 0.2949583333333334 0.5375833333333334 0.18466666666666667 0.24641666666666667
0 0.472875 0.44408333333333333 0.19441666666666665 0.22729166666666664
0 0.6200416666666667 0.33829166666666666 0.164625 0.2195
0 0.764625 0.5254583333333334 0.16391666666666668 0.241375
0 0.6262500000000001 0.63825 0.16016666666666665 0.24845833333333334
0 0.44116666666666665 0.7700416666666666 0.18208333333333335 0.26279166666666665
0 0.25116666666666665 0.8872916666666666 0.20979166666666668 0.22541666666666668