0 0.17858333333333334 0.665625 0.19545833333333332 0.25754166666666667
0 0.07975 0.8512083333333333 0.14320833333333333 0.25195833333333334
0 0.286375 0.9229166666666667 0.18587499999999998 0.15416666666666667
0 0.39904166666666663 0.7880416666666666 0.1985 0.24404166666666666
0 0.47525 0.6417916666666666 0.21225 0.26266666666666666
0 0.37404166666666666 0.4046666666666667 0.15808333333333333 0.18645833333333334
0 0.28204166666666663 0.5232916666666667 0.15341666666666667 0.20975000000000002
0 0.08795833333333333 0.41450000000000004 0.16404166666666667 0.19870833333333332
0 0.442375 0.28095833333333337 0.15041666666666667 0.16795833333333335
0 0.6404166666666666 0.3640833333333333 0.15712500000000001 0.18779166666666666
0 0.5583333333333333 0.4882916666666667 0.16708333333333333 0.20804166666666665