1 0.515875 0.15659772492244053 0.18254166666666669 0.18614270941054809
1 0.7886944444444445 0.15955532574974146 0.1845277777777778 0.1772802481902792
1 0.46626388888888887 0.6027507755946225 0.11508333333333333 0.10045501551189245
1 0.33134722222222224 0.5961013443640124 0.09920833333333334 0.08420889348500518
1 0.2162638888888889 0.5931437435367115 0.07936111111111112 0.06943123061013444
1 0.1259861111111111 0.5842812823164426 0.057541666666666665 0.04874870734229576
1 0.6180555555555556 0.6020062047569803 0.12102777777777778 0.11079627714581179
1 0.7754444444444445 0.7540537745604964 0.12883333333333333 0.12627714581178903
1 0.6270416666666667 0.7455532574974147 0.09948611111111111 0.10199586349534642
1 0.47701388888888885 0.7564839710444674 0.11579166666666667 0.12870734229576009
1 0.32452777777777775 0.7504033092037229 0.10111111111111111 0.10685625646328852
1 0.21444444444444447 0.7340124095139606 0.07338888888888889 0.08135470527404344
1 0.11823611111111111 0.7230920372285419 0.05708333333333333 0.057073422957600824
1 0.12883333333333333 0.9040124095139607 0.058708333333333335 0.06435367114788004
1 0.2307638888888889 0.9125129265770424 0.09622222222222222 0.10563598759048605
1 0.3628611111111111 0.921013443640124 0.13209722222222223 0.12992761116856258
1 0.5039166666666667 0.9216132368148915 0.12068055555555555 0.12385729058945191
1 0.6360138888888889 0.9289038262668046 0.12394444444444444 0.13599793174767322
1 0.7835972222222223 0.9204033092037228 0.12883333333333333 0.12870734229576009
1 0.9246666666666666 0.916153050672182 0.12394444444444444 0.12506721820062047
0 0.25766666666666665 0.15238883143743537 0.18918055555555557 0.18335056876938988
0 0.7624027777777778 0.59923474663909 0.141875 0.12020682523267838
0 0.9181388888888888 0.5968045501551189 0.13045833333333334 0.12263702171664943
0 0.9197777777777778 0.7576938986556361 0.13372222222222221 0.13356773526370216