1 0.9234416666666667 0.8515625 0.153125 0.296875
1 0.6427083333333333 0.76485 0.09166666666666666 0.2015625
1 0.7140666666666666 0.865625 0.084375 0.171875
1 0.859375 0.609375 0.09791666666666667 0.196875
1 0.9416666666666667 0.2046875 0.08541666666666667 0.159375
1 0.40260833333333335 0.5914125 0.06770833333333333 0.1359375
1 0.2552083333333333 0.7836 0.10416666666666667 0.1859375
1 0.19531666666666667 0.8945375 0.06145833333333333 0.1046875
0 0.15781666666666666 0.65235 0.153125 0.3046875
0 0.309375 0.5289125 0.11666666666666667 0.3078125
0 0.5265666666666666 0.5828125 0.18645833333333334 0.390625
0 0.6645833333333333 0.35235 0.175 0.3609375
0 0.825 0.3078125 0.16458333333333333 0.334375
0 0.47656666666666664 0.1336 0.17395833333333333 0.2609375